 [1541071138849,374879,4673]
,[1541071198847,374879,4673]
,[1541071258848,374242,4676]
,[1541071318838,374242,4676]
,[1541071378838,373605,4678]
,[1541071438849,373605,4678]
,[1541071498847,373605,4678]
,[1541071558838,373605,4678]
,[1541071618837,372968,4683]
,[1541071678839,372968,4683]
,[1541071738845,373666,4678]
,[1541071798847,373666,4678]
,[1541071858844,373029,4683]
,[1541071918841,373029,4683]
,[1541071978844,373029,4683]
,[1541072038844,372392,4689]
,[1541072098847,372392,4689]
,[1541072158843,372392,4689]
,[1541072218843,372392,4689]
,[1541072279748,372392,4689]
,[1541072339755,372392,4689]
,[1541072399875,371755,3089]
,[1541072459762,1450,3089]
